nTasks=18;
nCPUs=10;
rt=[4902.404623198379 1229.9322501627325 4337.77268830048 3058.3548164577664 2962.312320220159 4926.552853332746 1138.413512631271 1327.1666208272297 3687.375646399157 4584.5265364788165 1801.207898407244 3683.250415126678 2112.078978805356 3327.2022463137273 2722.2801478841943 3936.6320311931736 4126.19198548899 4990.61369920526];
rc=[10000.0 10000.0 10000.0 10000.0 10000.0 10000.0 10000.0 10000.0 10000.0 10000.0];
