nTasks=80;
nCPUs=30;
rt=[1963.722303203631 730.4713557415162 622.3014751038179 2307.3347003577096 1052.9122192896357 762.3056294459232 1853.6121233443607 2177.768286912878 3289.940992685159 4087.800048784364 2663.4299719958676 3346.619086422823 4507.206378216961 1634.1974286633297 2118.5488974048585 1506.5386680927195 3091.4832273380243 4011.26106767126 1828.1728664279 3594.1842224899415 3403.468401566551 3522.1753991626465 3511.427183928899 636.0407441131141 3900.0568410914298 2501.971688928191 2255.795033026936 1135.897572996028 4550.307756812535 3302.122392513606 2542.320148017854 4869.445463279855 2642.2739363061946 1057.8837915909369 4936.462934094512 2618.204643231043 1923.6936476788992 2176.4062914856936 1903.9075845878513 1759.5986717046094 3179.717825552684 3863.0448266762637 3361.3982572958894 3746.427866414968 2119.1458989559087 3622.6511325108468 1176.391127755437 1461.237845578221 2353.189329111139 1727.7706390174508 3895.0430570547264 1383.1472633862386 4478.3163562165955 3735.1106255229943 2099.0846589225375 751.4064518398117 653.6148799882021 4394.857197838348 1070.6401626173638 2491.6295486357803 1646.59762869723 3407.524071144814 4755.128890101768 4313.293121313083 1407.6854261486287 4188.795726265391 1561.284116186267 2331.0580057452435 2496.851268359592 4282.584794354238 4846.268162883686 3606.2220471825576 3725.8195654229903 609.5387930551442 1899.0190078570572 3388.514562365661 4276.106446486894 1616.8364774069023 1985.3247150503876 1373.7762458091443];
rc=[10000.0 10000.0 10000.0 10000.0 10000.0 10000.0 10000.0 10000.0 10000.0 10000.0 10000.0 10000.0 10000.0 10000.0 10000.0 10000.0 10000.0 10000.0 10000.0 10000.0 10000.0 10000.0 10000.0 10000.0 10000.0 10000.0 10000.0 10000.0 10000.0 10000.0];
