nTasks=9;
nCPUs=5;
rt=[1705.7451578530715 2756.20854636163 720.4355239329752 3120.6666779861025 2000.4556161830667 3779.4631815644166 4252.825303373596 3085.502626950088 1577.9600889777182];
rc=[10000.0 10000.0 10000.0 10000.0 10000.0];
