nTasks=55;
nCPUs=25;
rt=[2164.5183613342306 592.0075759104312 2404.0815477094065 3673.9151446875685 2091.3399013550425 2811.500868748143 1980.3793243403768 582.0476004400717 713.8285001170411 3718.695136240096 926.9737711507106 4490.965812813861 4894.561697338034 1685.5962004583726 1251.0332181765802 3275.0594670231126 3280.230778501244 814.3586126388182 4730.2847298243305 812.1258592822608 1704.9975228511034 2092.624961685897 603.7628717331521 3417.398842879483 1753.6470166789018 2040.4074378745443 3890.2980183822656 1857.6873016236318 2088.852111630068 3364.9539131090296 1716.5846057413983 2435.8365484880574 2719.964968407558 3070.1142139646727 1003.414215480199 3323.4335370339877 1347.9583560977708 4247.072777116806 935.6862547538553 923.6671966762217 3829.903851056859 2855.359703028841 3220.616995187172 3711.71304249363 2045.6652263572794 1543.9324206845188 3255.368130181705 1445.391222199738 750.2621392011071 1754.1361817829193 3409.8074165128346 1833.6726650368923 4857.811173167515 4957.862362852559 4076.065986103313];
rc=[10000.0 10000.0 10000.0 10000.0 10000.0 10000.0 10000.0 10000.0 10000.0 10000.0 10000.0 10000.0 10000.0 10000.0 10000.0 10000.0 10000.0 10000.0 10000.0 10000.0 10000.0 10000.0 10000.0 10000.0 10000.0];
