nTasks=42;
nCPUs=20;
rt=[2518.253063180004 2316.4740456116983 875.9639978179451 668.4126430588404 747.3947197221606 2917.7178487439696 2080.9834682825267 2696.204967484423 1392.6885721907606 1118.8693189954859 2399.509330880297 2535.504048788654 2215.6716632970174 2048.167425263613 1152.2896602844005 2553.099243113855 1187.450921972034 686.2836851773271 3155.2213417615967 725.2008992521282 3994.413842746167 2067.4645816606194 2600.9443509753783 2041.3693819005564 781.0187510086612 2364.6718872152915 1764.2510115604814 3727.8329887819395 1413.0946441252545 1673.3441185184868 2655.866556811607 1422.6171133918626 3308.798196684427 3526.6353489162884 4689.104938298851 3266.6981343838006 889.991742985889 4925.972275196108 2476.122399788279 4000.762764704822 4174.605555649803 2899.672244782983];
rc=[10000.0 10000.0 10000.0 10000.0 10000.0 10000.0 10000.0 10000.0 10000.0 10000.0 10000.0 10000.0 10000.0 10000.0 10000.0 10000.0 10000.0 10000.0 10000.0 10000.0];
